$ANSIBLE_VAULT;1.1;AES256
31383032613738326437346163303165633530636335636135373837613063653636336363633534
3536323537653032353130656331396439386133326230390a623836356431376432626639666561
31613932323565666134613066613365353932626366646533666535316635386165343864383463
3538663539613533340a616438303934306261373261303937343437633364366639653833643530
35393163643736386630633831393566383438356231653930326536343939663534346463653863
63346230636662373330383038396166323262633231616435363937393036343237646334323734
32303761656138343062623962393864663539653037623334373261323365356466383363613435
34326133633833303431333066306263326337373363633661303630376532326639646139373063
33343732643930613539633639343862343366303735653133616238376532373639613834336539
61353732643033613733303237376234336538346665383834346632323364366662653030356630
33616565636438653062393133353331666339643962633134333139643337396262386438653839
63623363653233656236626235383934636563373735663262373536643338646638613062306136
61393561353538646131373836303735376162666439623564663838373139396630303034643938
62383863393736306334636638653538653231346563313461643039613233383538626339653637
39643938353165663138643362643238363261613663383339376337636133646165356662653239
30376335643665346634353139343532343136383533333763356435616131346266333136393730
36333663643034343335376130636462616666373333333866643666313639326238353164393863
61396566633133373961303435306161636138326461303061316437303861396438306232653735
33343232353634386163633638316266653938663234386139346365663730623739626239633031
61313036616634393033646134363635643839626430316230636331333735653438346265643832
61396330386139626664363038623364373165353232356633333639623164353533623862616530
34383939663961373934303562626132353930633063663164653235363164663437393232623861
33326366633333666439623263363465393763613032313337376662316361366135383534323962
35333037313866643666643330383263353638633931393765653838356236323064646539343232
39323536393565646565653233343937363066383238616463636632376339656337373638306137
61376331376430613864643563613866303538383333376566303234633131313432323664626539
35316630303136663737353531643966353036383863663164613733633130653437346237393134
35366665316137366331643461396134313832366534376665386536386630613734353633656239
66303336383662626530383662653063636536666439363637363738366366356261643331383832
62356339323264323039356365343861613662373035353033336564323666633561646135613933
62633332656231623937306261356638616232333937626163366639366662373366643765326366
66373264626361333862613835613561376439633064636132323665353832326436653835306364
64666463643631656636616661346430363163383537303430363036666234323663303361653535
32663162393964383061633933313933393366383566666631346338363530373832343161366130
33393731366535656361646537326264386338373765643030323435663838356530323333396439
34326261346266323563376336316532303431343436333233363966636535343663333638643663
37393634653637393765373837313461313662383061646564626539393065666436333766643962
62663132373162643431616533666334333235363963303165346565343733333732363166376634
38366434363733626530646338613638663836636564663137343235353430383063353966616464
64376632663230313633326237636632353434376232363765363130363832373031353630323566
31373263343835353235656665336534666665343265633834663432366538393064336431623731
65393734303339323566396536393064633765313932373966633665656138323034373237306239
33376334363964323831623638633239346437346266363239643264323466346630356364363737
61633865333332316133396462656161653231346261663035373637616333653933313564623462
36316135363737303034373037376237323530393161373837643065326161646436386430363733
38626235633231633136666563306238396362636665383833616136353132666532376236633532
61613531336136633933653331643264646262303263303565613633383865333637343761343230
66363630613833313931366662383863363437336437346235393261613135326236383131373530
36333030643561623739633835313235333530396235663266383336636234353838666634373434
35333332653165376433633566316261626238313965333537353865613936653961666163636532
63323739663239323332333437623532653238326632363837326635643430343639633132363531
37633461336131313561386136306163623530333430626138303861613833376561633765346265
36363161353066396535653966613338323635356164333338323631313062353864353632663264
34623562653239373834323965633536376363336539346333663361376531393533653136613634
36373564363832616638363539343037366466313036616266303634373632326161393436323137
35646461373036656639383862663736343039613461633936633532316665363932393464623164
33383663663536376331356635313539386264336538643432616564303438353634303935366439
39303230343963393031616264656438336636346236333037666634393836633966663166396636
34306432396537336635333433333536323361626363663663316366646530633066616662373039
64666361393037323162656232643462343533393038396236343631393765666639336134393332
61346266333430313866663562313034393030316339383835383661386331346535386137386366
34373333326564396233366561356135373038616565643138636335336432646339383035353939
36323863343133356262643065323039656661663136386630653764356561313464333562373266
30303263333366393631633661616661353834373331356461343932373465626433353639656638
31313634323131343636333162373361343338346330363762613062306433366461643563623263
38353065643862336466646238316339353235343630346637653934633537383133623061366532
39643339366561393434376661636133613733383939333037656530616332393533306331613331
38356631643634353436343866633431376631653638633432353034636434313065356137303765
33616231323165326134383566623930376432376537663266653561346232383664613834636331
39366238343731653063333163353238636530613765633564626664663731393132616632633262
35623765326237663264383566623861383637303863653534646232383438646265383237396664
33613835376265363334336232613935316564356233333866393763656230636233333733396434
31393537613832366131356564306265333562326361373830656266376131363433656536666163
35666461636631333066643462626638636236366663356463373737366130303834306361313961
32643763626466353833323866356439623031393864633533643831393234663966333065333533
32366664313337613331383564346239346161363732616263316163646139326439366339303463
63623037333962386235613832346531653330636134346361316464663065663961353462366564
30363462633034333338646630346636313364396130376131356635366337636436636663373763
64336462646462343862303763373935383236346131383438343966323936316339303065333233
32646539323338663237343636313464366666613338636133376533336431383565303835633435
30333665343233643134616564656235353665666639313266393439363965646530396366363833
62326437383634363833336532316338326235356231346335623134373934353535666133366464
30616561666333363763343130336562666333613662623234616232373831383938333133386430
39303731633635343738626266303132366333616634323333613266656533356432303631633333
64623165376465373238366536313534363031623461353936393566373762613935386130666166
38373566353439336337653631386535316230396532343737306332326261393466383034663930
32376263343262636264643237343363333161323933303863613132393539633831613965363565
33643939333439353535343134373731656335373636653331366131323732653333353631333230
36643163643864626662343962316339626466326436326635333836386338303532326630653034
66616334633537633332353434613566633937626365666532373530663539313264366430373566
31633133323563383739653337373334303564663134333764616363353737333432393338333764
64643335383634303638393032303139373564313331383865343661396430303864303666363064
36383364356531353665366637346232653964363066653232373134613531336562313134346130
36343532633234383436313162623532386633616239343731343563383261363433633935353862
38663766363039636138366530633938303639326433376330393739343937316434396130633836
64346632383836393064393037353264613833393435666565363762333330626566623164323164
63303365653933626635363838306535356437613166303937643032326261323638633539356139
61313630306562393063613437616364336237633633623737636166346336306664613934313063
39656435326139613433343132623637306535303265356532353166303439666262653531333938
33376461656333363235376639383034353161336638306331616261323535623637346163646436
65383365646631386562343339633363343063316438633361626331613134373138346165363261
61636330666565616264356362376263633032616434656133386138363838383861663133393835
63366631323963373031633437663163666635663231656430303239626163646534633463646537
64366438666632343737363334626166653161613664323432383334343634626235636664306130
66326539346533353639363432636364653132393231363730626464303030666266396637626336
66623065393438303665626138633132393030343634333931643636326339356262363963373330
61336430313864623636393561363730613034316636633462306634613839613637616530313931
31623166396463326431323466666364393065386535346130393438633939643364373561643431
38393834613231666565643062376436316238396333363139646364376337303361616262653165
38336531666565313562643866393932383034363233646363376131376336643765393638376536
66303262383964306636663130393265323163636434363865333363353339396264613631373637
31353435373434326238656636373037663338386161313238663164626436313661313161363030
62336532363565643137326532323562366563363531623865363163353337653064646635616134
33313231313439303639346332663238386663653164316434343236373065383734663332616535
38306234356464363934323763306261616533303663343134633731343130623237613736396531
37376138653339386333376266386235623461333863646536646133353631653631663932653337
35663839353836343335663636323661373466323430616666313935613434366464646563353461
61376133613936613031343833613465666265386264303539363462613334653530636439313031
61653734373262366638343861613565323831373564323263353266343136353731323265643136
64386232656361313731303534326330366631616630386464326335303663383131626539363462
66353736346338643866643766626533383834636163646535306264366436393564333533383333
34333137356361633137386666333564633366353931613362626439623364366635386631386161
33636438383432383233653061643437366333316537333039363138363163393433373435323165
39313634663962626531313566643338643936363332366363343562326666363763383335616535
30663761303333383365363965306132343361653065653431303163626136633566306134376666
37316434343061373532316466646532393162646436313661313034303262386135633134376164
36643762376439666161353239343437623365393063323232396234343064306634353137323666
66666637623137666336613739356536666531376364663231366332333364316466636436396563
30313764346561313066646330613336343632316663373061313930396133396434326163396362
37323562623465623231613234623431646633306333666463663032326430386665316366636639
36386537303135366439613361343365386162626566663864366233386130323838383462306533
66643263653761373665623761333963326539623630363263386565303339363136646334613964
39393038366666653362343135363131633038373564653961373838393161396562616633363538
34383961383565623539353036336439356131303537636362353033393437636166313633363361
31306637333866303964333461666337366134386561313961323364623062343233356166303363
37376461623137343938326537616462663561333063326337366133333038613461623631333131
35636563613537656634313939663762626430636137373336633935306262333232316338363738
32383937383132346634343766656266396535386163323930656465633035363639373334323863
61666132353165366535666132383939646239313336613633646162653234343364323630653961
63333165353737626132373636373339666163643461366338336134303239353037353132313364
39393531313661303862346136666363313264646564643964643133363830373234353834363862
32366339613266663730306633376631383837643133663234313466383336383962656464393265
34316334383565666233393039353862623039393961363638323062363666646561346161626130
38353138366236323038313963623861653832373639633733636238336263336537626432666239
66333362336465386135366333643537613061303936666665366666383438623832623763656435
61366561373939663738376136343361323463333430343334393439343232323634353263666265
38353664613063663462343061393366333965313763336533393533333432663864636365663538
31623461303735343038306465626333656135393232616532316234363834613938313762333930
63633561653438373936396465626465616333313838633036313230323965363965326334623664
63323864363337666137653433653766333232396135326535623636636464633566346630653438
32373238653134333032323435343735333932633432343761323937306137646330316639396162
36656536613638363230306234623865633730323830333730306131396438333539613837653962
37643033363837323864363561653263303035343336323831633063313566613765643566636537
61353861353137353731613933643039366536633430646433643266326166646332336538313039
34333432613239653134383731616261363537363764373164393761663531383664366233366164
64383064653532623137303539333431636632373462616333326237656437343034633936363430
32363231383738326138643236666239396137376262336532366634393664323561356663393264
33306466303961313566313637333731346630386337616561303139326537353233353133393434
65396433303231626232633264313531386439646366393264613531363863393862643332363936
66346339646135636365333263646436393330393637633937386137633835326337633037323965
65653739356235313130633931336436313063633534323838656662353034336161313165313365
64306638383130343961393838656438613664636338356635663530623934643533623835623439
39333930316662663062343462383863316461373530616264373333323336313561626236653836
63383633616332376638623134383933666439393834343762623739306235633437626639396134
31353736306631383963356663333636643736323738303631613462393137326532373961383466
6465336534366235393261323936316265333539376364633938
